60 8c 30 30 7e 94 30 30 34 7b 31 30 01 30 ec ee c8 3d 32 30 7e 94 30 30 34 7b 31 30 11

30 ed ee c8 3d 32 30 7e 94 30 30 34 7b 31 30 21 30 ef ee c8 3d 32 30 7e 94 30 30 34 7b

31 30 31 30 f0 ee c8 3d 32 30 7e 94 30 30 3c 9f 30 30 60 8c 30 30 34 7b 31 30 01 30 f1 ee

c8 3d 32 30 7e 94 30 30

74 89 31 30 20 20 3c 9f 30 30 60 8c 30 30 34 7b 31 30 11 30 f2 ee c8 3d 32 30 7e 94 30 30

74 89 31 30 20 20 3c 9f 30 30 60 8c 30 30 34 7b 31 30 21 30 f3 ee c8 3d 32 30 7e 94 30 30

74 89 31 30 20 20 3c 9f 30 30 60 8c 30 30 34 7b 31 30 31 30 ee c8 3d 32 30 7e 94 30 30 74

89 31 30 20 20 3c

9f 30 30 60 8c 30 30 34 7b 31 30 31 30 f5 ee c8 3d 32 30 7e 94 30 30 74 89 31 30 20 20 3c

9f 30 30 34 7b 31 30 31 30 f6 ee c8 3d 32 30 7e 94 30 30 74 89 31 30 20 20 3c 9f 30 30 34

7b 31 30 31 30 f7 ee c8 3d 32 30 7e 94 30 30 74 89 31 30 20 20 3c 9f 30 30 34 7b 31 30 31

30 f8 ee c8 3d 32 30 7e 94

30 30 74 89 31 30 20 20 3c 9f 30 30 34 7b 31 30 31 30 f9 ee c8 3d 32 30 7e 94 30 30 74 89

31 30 20 20 3c 9f 30 30 34 7b 31 30 31 30 fa ee c8 3d 32 30 7e 94 30 30 74 89 31 30 20 20

3c 9f 30 30 34 7b 31 30 31 30 fb ee c8 3d 32 30 7e 94 30 30 74 89 31 30 20 20 3c 9f 30 30

34 7b 31 30 31 30 fc ee

c8 3d 32 30 7e 94 30 30 74 89 31 30 20 20 3c 9f 30 30 34 7b 31 30 31 30 fd ee c8 3d 32 30

7e 94 30 30 74 89 31 30 20 20 3c 9f 30 30 34 7b 31 30 31 30 fe ee c8 3d 32 30 7e 94 30 30

74 89 31 30 20 20 3c 9f 30 30 34 7b 31 30 31 30 ff ee c8 3d 32 30 7e 94 30 30 74 89 31 30

20 20 3c 9f 30 30 34

7b 31 30 31 30 00 ef c8 3d 32 30 7e 94 30 30 74 89 31 30 20 20 3c 9f 30 30 34 7b 31 30 31

30 01 ef c8 3d 32 30 7e 94 30 30 74 89 31 30 20 20 3c 9f 30 30 34 7b 31 30 31 30 02 ef c8

3d 32 30 7e 94 30 30 74 89 31 30 20 20 3c 9f 30 30 34 7b 31 30 31 30 03 ef c8 3d 32 30 7e

94 30 30 74 89 31 30

20 20 3c 9f 30 30 34 7b 31 30 31 30 04 ef c8 3d 32 30 7e 94 30 30 74 89 31 30 20 20 3c 9f

30 30 34 7b 31 30 31 30 05 ef c8 3d 32 30 7e 94 30 30 74 89 31 30 20 20 3c 9f 30 30 34 7b

31 30 31 30 06 ef c8 3d 32 30 7e 94 30 30 74 89 31 30 20 20 3c 9f 30 30 34 7b 31 30 31 30

07 ef c8 3d 32 30 7e 94

30 30 74 89 31 30 20 20 3c 9f 30 30 34 7b 31 30 31 30 08 ef c8 3d 32 30 7e 94 30 30 74 89

31 30 20 20 3c 9f 30 30 34 7b 31 30 31 30 09 ef c8 3d 32 30 7e 94 30 30 74 89 31 30 20 20

3c 9f 30 30 34 7b 31 30 31 30 0a ef c8 3d 32 30 7e 94 30 30 74 89 31 30 20 20 3c 9f 30 30

34 7b 31 30 31 30 Ob

c8 3d 32 30 7e 94 30 30 74 89 31 30 20 20 3c 9f 30 30 34 7b 31 30 31 30 Oc ef c8 3d 32 30

7e 94 30 30 74 89 31 30 20 20 3c 9f 30 30 34 7b 31 30 31 30 Od ef c8 3d 32 30 7e 94 30 30

74 89 31 30 20 20 3c 9f 30 30 34 7b 31 30 31 30 De ef c8 3d 32 30 7e 94 30 30 74 89 31 30

20 20 3c 9f 30 30 34

7b 31 30 31 30 Of ef c8 3d 32 30 7e 94 30 30 74 89 31 30 20 20 3c 9f 30 30 34 7b 31 30 31

30 10 ef c8 3d 32 30 7e 94 30 30 74 89 31 30 20 20 3c 9f 30 30 34 7b 31 30 31 30 11 ef c8

3d 32 30 7e 94 30 30 74 89 31 30 20 20 3c 9f 30 30 34 7b 31 30 31 30 12 ef c8 3d 32 30 7e

94 30 30 74 89 31 30 20

20 3c 9f 30 30 34 7b 31 30 31 30 13 ef c8 3d 32 30 7e 94 30 30 74 89 31 30 20 20 3c 9f 30

30 34 7b 31 30 31 30 14 ef c8 3d 32 30 7e 94 30 30 74 89 31 30 20 20 3c 9f 30 30 34 7b 31
30 31 30 15 ef c8 3d 32 30 7e 94 30 30 74 89 31 30 20 20 3c 9f 30 30 34 7b 31 30 31 33 16 ef c8 3d 32 30 7e 94 30

30 74 89 31 30 20 20 3c 9f 30 30 34 7b 31 30 31 30 17 ef c8 3d 32 30 7e 94 30 30 74 89 31 30 20 20 3c 9f 30 30 34 7b 31 30 31 30 18 3d 32 30 7e 94 30 30 74 89 31 30 20 20 3c 9f 30 30 34 7b 31 30 31 30 19 ef c8 3d 32 30 7e 94 30 30 74 89 31 30 20 20 3c 9f 30 30 34 7b 31 30 31 30 1a ef c8
3d 32 30 7e 94 30 30 74 89 31 30 20 20 3c 9f 30 30 34 7b 31 30 31 30 1b ef c8 3d 32 30 7e

94 30 30 74 89 31 30 20 20 3c 9f 30 30 34 7b 31 30 31 30 1c ef c8 3d 32 30 7e 94 30 30 74

89 31 30 20 20 3c 9f 30 30 34 7b 31 30 31 30 1d ef c8 3d 32 30 7e 94 30 30 74 89 31 30 20

20 3c 9f 30 30 34 7b

31 30 31 30 1e ef c8 3d 32 30 7e 94 30 30 74 89 31 30 20 20 3c 9f 30 30 00 3f [100 000 00

00 00 00 00 00 00 00 00 00 00 00 00 00 00 00 00 00 00 00 00 00

00 00 00 000 00 00 00 00 00 00 00 00 00 00 00 00 00 00 00 00 00
launcher
78 5c 31 30 de e9 60 0d 32 48

